0 
1 1 1 1 1 1 1 1 1 1 1 1 1 1 1 1 1 1 1 1 1 1 1 1 1 1 1 1 1 1 1 1 1 1
2 2 2 2 2
3 3 3 3 3 3 3 3 3 3 3 3 3 3 3 3 3 3 3 3 3 3 3 3 3 3 3 3 3 3 3 3 3 3
5 5 5 5 5 5 5 5 5 5 5 5 5 5 5 5 5 5 5 5 5 5 5 5 5 5 5 5 5 5
6 6 6 6 6 6 6
7 7 7 7 7 7 7 7 7 7 7 7 7 7 7 7 7 7 7 7 7 7 7 7 7 7 7 7 7 7
8 8 8 8 8 8
9 9 9 9 9 9 9 9 9 9 9 9 9 9 9 9 9 9 9 9 9 9 9 9 9 9 9 9 9
10 10
11 11 11 11 11 11 11 11 11 11 11 11 11 11 11 11 11 11 11 11 11 11 11 11 11 11 11 11 11 11
12 12 12 12
13 13 13 13 13 13 13 13 13 13 13 13 13 13 13 13 13 13 13 13 13 13 13 13 13 13 13 13 13 13 13 13
14
15 15 15 15 15 15 15 15 15 15 15 15 15 15 15 15 15 15 15 15 15 15 15 15 15 15 15 15 15 15 15 15 15 15
16 16
17 17 17 17 17 17 17 17 17 17 17 17 17 17 17 17 17 17 17 17 17 17 17 17 17 17 17 17 17 17 17 17 17 17
18 18 18
19 19 19 19 19 19 19 19 19 19 19 19 19 19 19 19 19 19 19 19 19 19 19 19 19 19 19 19 19 19 19 19 19 19 19 19

19 
1 2 3 4 5 6 7 8 10 11 12 13 14 15 16 17 19 21 22 23 24 25 26 27 28 30 31 32 33 34 35 36 37 38
1 17 19 21 38
1 2 3 4 5 6 7 8 10 11 12 13 14 15 16 17 19 21 22 23 24 25 26 27 28 30 31 32 33 34 35 36 37 38
1 2 3 4 5 6 7 8 10 12 14 16 17 18 19 20 21 22 24 26 28 30 31 32 33 34 35 36 37 38
10 12 14 19 24 26 28
0 1 2 3 4 5 6 7 8 12 14 15 16 17 19 21 22 23 24 26 30 31 32 33 34 35 36 37 38 39
8 10 14 24 28 30
0 1 2 4 5 6 7 8 10 12 14 16 17 18 20 21 22 24 26 28 30 31 32 33 34 36 37 38 39
16 22
0 1 2 4 5 6 7 8 10 12 14 16 17 18 19 20 21 22 24 26 28 30 31 32 33 34 36 37 38 39
8 14 24 30
0 1 2 3 4 5 6 7 8 10 12 14 16 17 18 19 20 21 22 24 26 28 30 31 32 33 34 35 36 37 38 39
19
1 2 3 4 5 6 7 8 10 11 12 13 14 15 16 17 19 21 22 23 24 25 26 27 28 30 31 32 33 34 35 36 37 38
8 30
0 1 2 3 4 5 6 8 10 12 13 14 15 16 17 18 19 20 21 22 23 24 25 26 28 30 32 33 34 35 36 37 38 39
10 19 28
1 2 3 4 5 6 7 8 9 10 11 12 13 14 15 16 17 19 21 22 23 24 25 26 27 28 29 30 31 32 33 34 35 36 37 38 39